l, M1, M2_M3, M4, M5_M6, M7, M8, R1, C1, Y, delta
step1: 2e-07, 36.18506935427867, 78.46654166839524, 989.147601950965, 15.812890309504265, 547.5543612565181, 95.31623892569172, 529239.6177066873, 3e-13, -44657290449957.49
step2: 2e-07, 36.18506935427867, 78.46654166839524, 989.147601950965, 15.812890309504265, 547.5543612565181, 95.31623892569172, 529239.6177066873, 3e-13, -331382678137197.44, 286725387687239.94
step3: 2e-07, 36.18506935427867, 78.46654166839524, 989.147601950965, 15.812890309504265, 547.5543612565181, 95.31623892569172, 529239.6177066873, 3e-13, -2.840710655462975e+16, 2.8075723876492556e+16
step4: 2e-07, 36.18506935427867, 78.46654166839524, 989.147601950965, 15.812890309504265, 547.5543612565181, 95.31623892569172, 529239.6177066873, 3e-13, -211476680471031.47, 2.819562987415872e+16
step5: 2e-07, 36.18506935427867, 78.46654166839524, 989.147601950965, 15.812890309504265, 547.5543612565181, 95.31623892569172, 529239.6177066873, 3e-13, -372219781614384.1, 160743101143352.66
step6: 2e-07, 36.18506935427867, 78.46654166839524, 989.147601950965, 15.812890309504265, 547.5543612565181, 95.31623892569172, 529239.6177066873, 3e-13, -7.398852420824156e+17, 7.395130223008013e+17
step7: 2e-07, 36.18506935427867, 78.46654166839524, 989.147601950965, 15.812890309504265, 547.5543612565181, 95.31623892569172, 529239.6177066873, 3e-13, -78002906509832.69, 7.398072391759058e+17
